 1.66825e-07
          -0
 7.74606e-09
-0.000155954
 4.09477e-05
-0.000604823
 2.11535e-05
 2.85273e-06
          -0
          -0
-8.45459e-06
-2.62615e-05
 0.000114339
 0.000415661
 3.40334e-06
 0.000292221
 7.68691e-06
 9.40505e-07
-0.000207178
-2.93859e-05
 6.04812e-07
-2.73822e-05
 9.58048e-05
 0.000114059
 -3.0188e-05
 2.78571e-05
-5.46323e-06
-1.72917e-06
  4.8679e-06
-1.16432e-05
-2.17391e-06
-5.34036e-06
  3.0676e-05
 0.000183627
 -4.8334e-07
-1.84754e-05
-4.42622e-06
-1.92238e-06
 1.10861e-05
 8.67309e-06
-1.50401e-06
 1.81254e-05
-9.20986e-05
 0.000148491
 7.72221e-06
  6.3636e-05
-1.04148e-06
-1.10553e-06
 4.09869e-05
  3.8811e-06
-2.89769e-06
 2.50579e-05
-9.41596e-05
 0.000181465
-2.25874e-05
-6.45831e-05
 4.24662e-06
 3.99386e-08
 4.03685e-05
  1.3722e-05
-3.35735e-06
 1.24223e-05
-5.92842e-05
 0.000186255
 6.56762e-07
  0.00013351
 1.24591e-05
 2.77086e-06
 8.59775e-05
 2.82417e-05
-3.92318e-06
 -8.3244e-06
 3.99514e-05
 0.000190883
 5.09036e-05
-0.000265686
  1.7952e-05
 4.22642e-06
-1.47123e-06
-5.87614e-06
-4.73456e-06
-1.97229e-05
 7.25856e-05
 0.000191502
 2.07384e-05
-2.19371e-05
 5.38964e-06
 3.76486e-07
-0.000191796
-5.32789e-05
-4.89182e-06
-1.44849e-05
 4.32511e-05
 0.000167164
-4.95279e-05
 0.000108572
-1.58192e-05
-5.31891e-06
-0.000134494
 -3.4236e-05
-6.23587e-06
-1.42828e-06
-1.06938e-05
 0.000192921
-4.67541e-05
 0.000220683
 -1.9149e-05
-5.63053e-06
 8.32666e-05
  2.9446e-05
-6.52185e-06
 7.61022e-06
-3.85418e-05
 0.000200149
 1.14949e-05
-2.28095e-05
 1.81731e-07
-2.79895e-07
  0.00021413
  5.2768e-05
-6.22492e-06
 8.97873e-06
-2.69614e-05
 0.000194432
 3.61092e-05
-0.000151247
 2.05393e-05
  4.5409e-06
 9.90633e-05
 2.13001e-05
 -6.5219e-06
 6.13247e-06
-2.58387e-05
 0.000204083
 1.64114e-05
 -8.0521e-05
 2.34592e-05
 5.05416e-06
-5.41408e-05
-1.34171e-05
-7.36844e-06
 6.17252e-06
-5.19703e-05
 0.000226532
 5.93178e-07
 2.57622e-05
 1.40683e-05
 2.57584e-06
-9.03355e-05
-2.46581e-05
-7.81292e-06
 1.03075e-05
 -6.4522e-05
 0.000236183
 5.15284e-07
  -4.021e-05
 1.70447e-06
-6.82424e-07
-9.98771e-05
-2.53935e-05
-8.11624e-06
 4.47827e-06
 -2.6059e-05
  0.00024183
-1.18191e-05
 4.67044e-05
-1.10011e-05
-3.50294e-06
 -9.5594e-05
-1.79291e-05
-8.15504e-06
-1.91995e-05
 7.10605e-05
 0.000246983
-2.60605e-05
 0.000136918
-1.55458e-05
-4.20868e-06
 2.56768e-05
 7.08736e-06
-7.88614e-06
 -3.5025e-05
 0.000124304
 0.000254778
-2.21828e-07
-1.13422e-05
-6.81709e-06
-2.15566e-06
 0.000108611
 2.44419e-05
  -7.575e-06
-1.61248e-05
  3.4792e-05
 0.000260328
 2.95186e-05
-0.000106657
 2.23905e-06
-2.32299e-07
 3.07146e-05
 5.09982e-06
-7.41052e-06
 1.59557e-05
-9.11755e-05
 0.000266364
-6.30037e-06
 7.21353e-06
 1.96503e-06
-5.66221e-07
-3.49302e-05
-1.02286e-05
-6.77876e-06
  2.3865e-05
-0.000114008
 0.000269384
 -4.4974e-05
 0.000162718
 4.71321e-06
 3.05192e-07
 7.72099e-05
 2.36108e-05
-5.59567e-06
 1.47647e-05
-6.99875e-05
 0.000276613
 8.49117e-06
-1.83732e-05
  2.0942e-05
 4.94921e-06
 0.000172463
 4.76958e-05
-4.52097e-06
  1.4072e-05
-6.68328e-05
 0.000300163
 6.70555e-05
-0.000232155
 3.26202e-05
 7.91752e-06
 7.20184e-06
-2.13292e-06
-3.88087e-06
 1.51417e-05
  -8.141e-05
 0.000336544
 1.63443e-05
-9.09543e-05
 1.97035e-05
 4.05596e-06
-0.000205921
-5.71516e-05
-2.83977e-06
 5.13028e-06
-5.73672e-05
 0.000393229
-5.02847e-05
 0.000192423
-2.71801e-06
-1.93412e-06
-0.000139026
-3.47846e-05
 1.23021e-07
-5.50603e-06
-1.81548e-05
 0.000489069
-1.98521e-05
 8.62837e-05
-8.84699e-06
-3.45435e-06
 4.47338e-05
 1.14559e-05
 5.09372e-06
 -1.2802e-05
 2.43642e-05
 0.000640527
 2.85636e-05
-0.000117295
-4.35983e-06
-2.33516e-06
 2.42994e-05
 5.71553e-06
 1.14291e-05
-2.53158e-05
 8.11149e-05
 0.000857405
 1.27306e-05
-6.34709e-05
-8.94538e-06
-3.36369e-06
-9.48463e-05
-2.15003e-05
 1.94923e-05
-3.19346e-05
 9.76301e-05
  0.00113996
-1.33198e-05
 6.83718e-05
-2.10662e-05
-6.14003e-06
-9.16285e-05
-2.11096e-05
 2.97868e-05
-2.02991e-05
 4.38172e-05
  0.00148206
-1.49785e-05
 6.86733e-05
 -2.7109e-05
 -7.6752e-06
-1.33727e-06
-2.46292e-06
 4.18617e-05
-1.21292e-05
 1.07833e-05
  0.00187679
-1.17167e-05
 3.93283e-05
-2.26585e-05
-6.84939e-06
 6.98063e-05
   1.512e-05
 5.47545e-05
-2.56774e-05
 7.07161e-05
  0.00231313
 8.96517e-06
-4.41563e-05
-1.37907e-05
-4.76017e-06
 6.66225e-05
 1.69275e-05
  6.7634e-05
-3.50814e-05
  0.00011386
  0.00277104
 2.26093e-05
 -9.0245e-05
-1.08818e-05
-3.90824e-06
-2.18711e-05
-3.86334e-06
    7.98e-05
-1.62195e-05
 3.29854e-05
  0.00322681
-1.44369e-05
 5.91909e-05
-1.50525e-05
-4.76141e-06
-4.22939e-05
-9.23726e-06
  9.0613e-05
 5.78748e-06
-5.44219e-05
  0.00365824
-3.18489e-05
 9.99162e-05
-1.37417e-05
-3.97913e-06
 6.24612e-05
 2.12368e-05
 9.93348e-05
-1.57118e-07
-1.81064e-05
  0.00404776
 1.92312e-05
-6.02916e-05
 -3.9265e-06
-6.69569e-07
 8.85413e-05
 2.95447e-05
 0.000105323
-1.58209e-05
 5.82825e-05
   0.0043823
 3.34662e-05
-0.000116155
 3.64552e-08
 9.21713e-07
-2.75728e-05
-5.12997e-06
 0.000108208
-6.81079e-06
 2.83968e-05
  0.00465056
-1.89114e-05
 7.47293e-05
-5.31893e-06
-3.70934e-07
-5.48177e-05
-1.47025e-05
  0.00010776
 1.49685e-05
-6.02334e-05
  0.00484518
-2.13265e-05
 6.19594e-05
 -6.5986e-06
-5.61823e-07
 3.51305e-05
 1.17739e-05
 0.000104011
 1.21052e-05
-5.86787e-05
  0.00496583
 2.24468e-05
-7.56397e-05
-2.61582e-06
 9.25548e-07
 2.61431e-05
 1.10405e-05
  9.7233e-05
-1.02132e-05
 3.06321e-05
  0.00501899
 1.04395e-05
-1.23321e-05
-2.97983e-06
  9.5475e-07
-3.17433e-05
-1.05928e-05
 8.78822e-05
-1.24635e-05
 5.61654e-05
  0.00501725
-1.98677e-05
 4.08689e-05
-5.88801e-06
-2.27985e-08
 -1.2998e-05
-4.39842e-06
 7.65929e-05
 8.49135e-06
-2.57045e-05
  0.00497794
 1.44398e-06
-1.34797e-06
-5.88673e-06
 1.94002e-07
 1.30177e-05
 7.72196e-06
 6.41317e-05
 1.45773e-05
-5.94493e-05
  0.00491922
 1.47759e-05
-4.42697e-05
 -6.1415e-06
 5.06351e-07
-1.69373e-05
-2.93309e-06
 5.10511e-05
-4.71069e-06
 9.52066e-06
   0.0048565
-1.12176e-05
 4.85406e-05
-8.16296e-06
-2.95694e-08
-1.41621e-05
-5.28189e-06
 3.77164e-05
-1.42565e-05
 4.73392e-05
  0.00480159
-9.04439e-06
 2.32705e-05
 -6.9387e-06
 1.49451e-07
 3.29969e-05
 8.02388e-06
 2.46958e-05
 2.99155e-06
-1.07147e-05
  0.00476195
 1.70442e-05
-7.84329e-05
-5.00215e-06
 8.54506e-07
-3.20381e-06
 2.77929e-06
 1.23904e-05
 1.53662e-05
-5.74505e-05
  0.00473931
 3.03678e-06
 5.97903e-06
-8.51128e-06
 3.56931e-07
-5.07828e-05
-1.04028e-05
 4.01841e-07
 5.88916e-09
 -1.7961e-07
    0.004732
-1.88913e-05
  7.1508e-05
-1.18122e-05
-3.22157e-07
          -0
          -0