           0
           0
           0
           0
           0
 5.66068e-07
-1.00843e-05
 4.07885e-05
-2.68809e-07
-2.85798e-06
-1.78405e-05
 3.06095e-12
-3.19518e-12
  -1.448e-10
 1.57991e-12
 5.98954e-07
-1.52689e-05
 6.20477e-05
-9.80448e-08
 1.83744e-06
 5.63309e-06
 1.83127e-12
 2.39749e-12
    -3.6e-12
-5.95007e-13
 6.21146e-07
 5.65372e-06
-1.84759e-05
 -7.8634e-08
 3.34466e-06
 1.30996e-05
 2.09781e-12
-8.74079e-13
     6.7e-11
 3.74379e-12
 2.21334e-06
 2.06343e-05
-7.83605e-05
-1.12077e-07
-4.34352e-07
-2.23506e-06
 4.95844e-13
 4.92682e-12
   1.267e-10
 -8.8862e-13
 2.20317e-06
-1.54028e-06
 7.09697e-06
-1.03203e-07
-3.15477e-06
-1.51006e-05
 -7.6654e-12
 3.79071e-13
    8.29e-11
-1.39422e-12
 1.85425e-06
-2.44883e-05
 9.95998e-05
-8.18078e-08
-9.75133e-07
-7.18988e-06
 -5.2623e-14
 2.34704e-12
      -3e-11
-3.62151e-13
 3.10693e-06
-2.91474e-06
 1.55716e-05
-1.00853e-07
 2.29524e-06
  7.3423e-06
 1.23334e-11
-2.52942e-12
   5.536e-11
-2.72234e-12
 3.09932e-06
 2.51191e-05
-9.20959e-05
 -9.3504e-08
 1.95123e-06
 8.10037e-06
-1.12951e-12
 1.68227e-12
 -1.8044e-10
 2.05621e-12
 3.88099e-06
 8.50924e-06
-2.64529e-05
-9.46815e-08
-8.21694e-07
-2.95816e-06
 1.49318e-11
 -4.1923e-14
    2.88e-11
-6.18447e-13
 3.51333e-06
-2.12574e-05
 8.80986e-05
-8.47721e-08
 -1.9442e-06
-9.25927e-06
  1.6017e-11
-4.62305e-13
  -1.414e-10
 1.13254e-12
 3.99834e-06
-1.53465e-05
 6.62578e-05
-7.98969e-08
-8.93262e-07
 -6.1911e-06
-1.65755e-12
-3.05343e-13
   2.066e-10
-2.12069e-12
 4.41725e-06
 1.23117e-05
-4.31256e-05
-7.63576e-08
 6.61698e-07
 4.20219e-07
 8.18063e-13
-5.27643e-13
  -2.076e-10
 7.08537e-13
 4.40244e-06
 2.09141e-05
-7.52624e-05
-7.32601e-08
 2.24953e-06
 8.39118e-06
 3.23361e-12
 9.07118e-13
    1.16e-10
-9.46703e-13
 4.79246e-06
-3.95884e-07
 8.00252e-06
   -7.27e-08
 1.86317e-06
 7.60992e-06
-1.15185e-11
-1.57622e-12
    8.02e-11
-2.05571e-12
 4.85357e-06
-2.14548e-05
 9.25666e-05
-7.46621e-08
-2.25234e-06
-9.99347e-06
 1.00815e-11
 2.20538e-13
    1.04e-10
-2.01931e-12
 4.95019e-06
-1.00293e-05
 5.10251e-05
-7.65407e-08
-4.66657e-06
-2.15086e-05
  3.9449e-14
 1.07232e-12
    7.02e-11
 2.45914e-12
 5.37012e-06
 1.41092e-05
-4.45161e-05
-7.93707e-08
 3.26982e-07
-1.89791e-06
-2.65492e-12
 1.84053e-12
   -9.16e-11
-1.92841e-12
 5.36425e-06
 1.32025e-05
-4.15016e-05
-8.57438e-08
 6.12849e-06
 2.32463e-05
  1.2663e-12
 -1.1174e-12
   -5.38e-11
-2.90035e-13
 5.37815e-06
-3.85472e-07
 1.02062e-05
-9.51964e-08
 3.06803e-06
 1.28794e-05
-8.90414e-13
 2.14244e-13
    -4.7e-11
 2.56476e-13
 5.81622e-06
-4.76426e-06
 2.87952e-05
-1.04072e-07
-4.52865e-06
-1.80123e-05
-1.80562e-12
 4.37879e-13
    1.93e-10
-1.10881e-12
 5.09003e-06
-1.15222e-05
 5.52227e-05
-1.10029e-07
-5.68778e-06
-2.53054e-05
 1.93149e-11
-1.76515e-12
   -2.98e-10
 1.11474e-12
 5.27193e-06
-1.33588e-05
 6.32845e-05
-1.16301e-07
-1.02609e-07
-4.33452e-06
-1.75936e-11
 1.09177e-12
   2.906e-10
 2.90248e-12
   4.832e-06
 9.99926e-06
-2.78156e-05
 -1.2646e-07
 4.53297e-06
 1.55957e-05
-1.75911e-12
 6.55858e-13
 -3.0276e-10
-1.25556e-12
 4.50011e-06
 2.80329e-05
 -9.6433e-05
-1.38088e-07
 4.51521e-06
   1.716e-05
 1.52744e-12
-4.24192e-13
   -8.36e-12
-9.00378e-13
 3.99556e-06
 6.51898e-06
 -1.1613e-05
-1.48505e-07
 1.08909e-06
 3.12367e-06
-2.38215e-11
-1.42978e-12
    2.41e-10
 9.57274e-13
 3.38681e-06
-2.26502e-05
 0.000100413
-1.57951e-07
-3.44452e-06
-1.65777e-05
 1.84036e-11
-1.11389e-12
     8.4e-11
 7.61525e-13
 2.90279e-06
-2.00207e-05
 9.12232e-05
 -1.6573e-07
-6.08831e-06
-2.76989e-05
 5.12258e-12
  1.2257e-13
   -1.02e-10
-1.41168e-12
 2.82603e-06
 -2.0863e-06
 2.30468e-05
-1.68353e-07
-3.86772e-06
-1.78864e-05
-1.43073e-11
 1.14095e-12
   -3.08e-10
 4.40046e-12
 3.22375e-06
 6.84045e-06
 -9.6801e-06
 -1.6287e-07
  2.8658e-06
 1.00753e-05
-4.67227e-12
 1.98629e-12
    2.74e-10
 -1.6133e-12
 3.92053e-06
 1.55522e-05
-4.29453e-05
-1.50695e-07
 8.24102e-06
 3.11896e-05
-1.69406e-12
-2.63679e-12
 -1.7446e-10
-1.36013e-12
 4.76294e-06
 2.28342e-05
-7.32357e-05
-1.40234e-07
 6.26622e-06
 2.13593e-05
-2.66823e-12
  2.6869e-12
  -2.326e-11
 2.27391e-12
 5.14034e-06
 6.79786e-06
-1.37177e-05
 -1.4782e-07
-4.20888e-07
-6.65823e-06
-1.36566e-11
-4.99128e-13
     1.2e-12
-3.98192e-12
 4.37985e-06
-2.04569e-05
 9.31834e-05
-1.96578e-07
-5.04356e-06
-2.37643e-05
 1.79373e-12
  6.5265e-13
     3.8e-11
-9.22187e-13
 1.77289e-06
 -2.5483e-05
  0.00011771
-3.13528e-07
-7.44244e-06
-3.13174e-05
 1.56071e-11
-4.27875e-12
    -6.6e-11
 5.94472e-13
-3.25914e-06
-1.54382e-05
 8.31686e-05
-5.26234e-07
-8.60478e-06
-3.65056e-05
-6.76851e-12
 1.19953e-12
     2.2e-11
-5.60258e-12
-1.12372e-05
-1.02924e-05
 6.46634e-05
-8.56422e-07
-4.26145e-06
-2.17806e-05
 7.53371e-12
-2.00881e-13
     3.4e-10
 7.67387e-12
-2.22578e-05
 1.91616e-06
 1.60348e-05
-1.31499e-06
 4.13476e-06
 1.02356e-05
 9.07196e-12
-2.00758e-12
    -3.6e-12
-3.06452e-12
-3.60816e-05
 2.29614e-05
 -6.7466e-05
 -1.9005e-06
 8.65851e-06
 2.93568e-05
-1.46809e-12
-8.16777e-14
  -1.396e-10
-4.65237e-13
-5.18285e-05
  3.0565e-05
-9.71807e-05
-2.59638e-06
 9.93621e-06
 3.62827e-05
 3.26395e-12
-2.99472e-12
  -1.952e-10
-3.15167e-14
 -6.8018e-05
 2.67029e-05
-8.05999e-05
-3.36924e-06
 1.26609e-05
 4.70994e-05
-1.00532e-12
 1.87156e-12
   1.446e-10
 6.46244e-12
 -8.2652e-05
 2.69477e-05
-8.04909e-05
-4.17256e-06
 1.29257e-05
 4.64013e-05
-9.09586e-13
 2.85196e-13
    4.88e-11
 9.90012e-12
-9.39519e-05
 2.47582e-05
-7.40606e-05
-4.95516e-06
 8.70224e-06
 2.95631e-05
 2.06089e-12
-2.92792e-13
  -6.176e-11
-1.15729e-11
-0.000100229
 1.54027e-05
-4.10964e-05
-5.67148e-06
 6.45105e-06
 2.40129e-05
 1.17043e-12
 2.70275e-12
 -1.2516e-10
-1.81399e-11
-0.000100107
 9.80613e-06
-2.08445e-05
 -6.2898e-06
 6.66408e-06
 2.92979e-05
 1.10161e-11
  -2.213e-12
   3.496e-10
 1.91916e-11
-9.31883e-05
 8.58082e-06
-1.82992e-05
-6.79385e-06
 3.87842e-06
 2.08424e-05
  2.3097e-13
-1.10349e-12
   -2.26e-10
-1.12203e-11
-8.00009e-05
 4.44151e-06
-5.85284e-06
-7.18278e-06
 6.07853e-07
 8.07319e-06
-8.62035e-12
 1.16722e-12
    1.52e-10
 7.22797e-12
-6.13348e-05
 6.99393e-07
  7.8197e-06
-7.46291e-06
 1.15472e-06
  1.0256e-05
-5.09586e-12
 1.72905e-12
   -2.64e-10
-2.18559e-11
-3.84883e-05
 1.18852e-06
 6.32996e-06
-7.64277e-06
 1.29434e-06
 1.29643e-05
-9.02733e-12
-2.80327e-12
       9e-11
 7.15287e-12
 -1.3124e-05
 1.13116e-06
 9.77562e-07
  9.2791e-06
-7.21061e-06
 1.97199e-07
 8.21857e-14
-1.74734e-13
   -1.14e-10
 -3.4193e-12
           0
           0
 2.38524e-18
           0
           0