 0.000334402
           0
  -0.0078878
     13.4388
 -0.00164131
   0.0106456
   0.0423695
 4.17497e-05
           0
           0
 0.000401292
 0.000741679
  -0.0124484
     13.2812
-0.000402781
  0.00266897
   0.0429417
 0.000129677
  0.00880299
   0.0013515
 0.000444557
 0.000269603
   -0.011012
     13.1237
   0.0017042
 -0.00651856
   0.0439207
 0.000249583
  0.00625904
 0.000491457
 0.000466367
-0.000610631
 -0.00754025
     12.9664
  0.00116736
 -0.00454798
    0.044259
 0.000190063
 -0.00105452
 -0.00140626
 0.000490342
 -0.00049963
 -0.00813006
     12.8088
 -0.00183029
  0.00724702
   0.0442378
 3.55563e-05
 0.000728044
-0.000968432
 0.000525852
 0.000347855
  -0.0121131
      12.651
 -0.00183116
  0.00732116
    0.044958
  6.6913e-05
   0.0103518
  0.00145036
 0.000564366
 0.000596638
  -0.0139522
     12.4934
  0.00179517
 -0.00670799
   0.0463301
 0.000257225
   0.0107576
  0.00147446
  0.00059656
-4.24907e-05
  -0.0118447
     12.3356
  0.00231237
  -0.0088764
   0.0470597
 0.000272623
 0.000466762
 -0.00123783
 0.000619258
-0.000542897
 -0.00978639
     12.1776
 -0.00138346
  0.00571354
   0.0469846
  7.1604e-05
 -0.00162235
 -0.00185134
 0.000646739
-0.000278061
  -0.0107493
     12.0195
 -0.00256743
  0.00995967
   0.0474461
 3.61123e-07
  0.00872295
 0.000756518
 0.000686718
 0.000231757
  -0.0131565
     11.8615
 0.000456098
  -0.0015863
   0.0489393
 0.000189518
   0.0142497
  0.00215021
 0.000723526
  0.00041487
  -0.0145498
     11.7034
  0.00250317
  -0.0097239
   0.0503067
  0.00034233
   0.0067875
 0.000197856
 0.000747203
 0.000211507
  -0.0142896
     11.5452
 0.000841279
 -0.00308927
   0.0506397
 0.000224486
 -0.00166567
 -0.00200854
 0.000764912
-0.000338228
  -0.0122497
      11.387
 -0.00200571
  0.00811219
   0.0506384
 1.30137e-05
  0.00164651
 -0.00124071
 0.000792122
-0.000755337
  -0.0105311
     11.2287
 -0.00200301
  0.00820411
   0.0515518
  2.3565e-05
    0.012406
  0.00140282
 0.000832175
-0.000179401
  -0.0130891
     11.0704
  0.00106592
 -0.00368381
   0.0533584
 0.000246421
   0.0153869
  0.00202102
  0.00087183
 0.000940196
  -0.0182805
     10.9121
  0.00234315
 -0.00908514
   0.0548116
 0.000363271
  0.00697036
-0.000225959
 0.000900443
 0.000834109
  -0.0186555
     10.7537
 5.95954e-05
-0.000159538
   0.0553217
 0.000230757
 0.000877145
 -0.00180963
 0.000927232
-0.000669386
   -0.012957
     10.5953
  -0.0013876
  0.00555062
   0.0556666
 5.20996e-05
    0.004429
-0.000934708
 0.000960267
 -0.00142303
 -0.00978526
     10.4369
-0.000737416
  0.00316422
   0.0566155
  2.1537e-05
   0.0101703
 0.000465255
  0.00100625
-0.000292759
  -0.0142853
     10.2785
-0.000620413
  0.00273042
     0.05819
 0.000140354
   0.0140529
  0.00135969
  0.00106869
  0.00114722
  -0.0206768
     10.1201
  0.00017348
-0.000440862
   0.0601149
 0.000336602
   0.0155608
  0.00165423
  0.00113209
  0.00116003
  -0.0217109
     9.96188
  0.00236917
 -0.00892835
   0.0617369
 0.000443051
  0.00939271
-1.95891e-05
  0.00117771
-2.51551e-05
  -0.0176076
     9.80369
  0.00163301
 -0.00594949
   0.0623214
 0.000268925
 -0.00040102
 -0.00265412
  0.00121419
 -0.00115268
  -0.0133277
      9.6456
 -0.00218899
  0.00892013
   0.0623962
-5.29686e-05
  0.00155304
 -0.00228847
  0.00126684
 -0.00136495
  -0.0127774
     9.48763
 -0.00307341
   0.0121605
   0.0634997
 -0.00012554
   0.0154239
   0.0011742
   0.0013463
-0.000480954
  -0.0170052
     9.32981
-2.50071e-05
  0.00048317
   0.0660456
 0.000160239
   0.0237426
  0.00321317
  0.00144457
   0.0010103
  -0.0238105
     9.17216
  0.00194524
 -0.00701902
   0.0688527
  0.00049666
   0.0194441
  0.00195077
  0.00153681
  0.00195626
  -0.0281983
     9.01454
  0.00154706
 -0.00545471
   0.0708472
 0.000601245
   0.0112411
-0.000345688
  0.00160444
   0.0012344
   -0.025661
     8.85681
  0.00124295
 -0.00439048
   0.0718878
 0.000436646
  0.00476791
 -0.00218016
   0.0016494
-0.000844553
  -0.0177889
      8.6989
 0.000420744
 -0.00149303
   0.0722562
 8.12082e-05
 0.000900089
 -0.00327392
  0.00168915
 -0.00241007
  -0.0124471
     8.54082
 -0.00207698
  0.00820203
   0.0726598
-0.000274595
  0.00530872
 -0.00218562
  0.00174947
 -0.00226077
  -0.0142771
     8.38272
 -0.00321379
   0.0130337
   0.0742569
-0.000332909
   0.0192623
  0.00129091
  0.00186255
-0.000968546
  -0.0203377
     8.22497
 -0.00110313
  0.00546438
    0.077551
 2.03316e-05
   0.0314153
   0.0041279
  0.00205432
 0.000875857
  -0.0281088
     8.06814
 0.000889992
 -0.00229564
   0.0817703
 0.000567896
   0.0334969
  0.00426944
  0.00233634
  0.00301614
  -0.0371826
     7.91291
  0.00131945
 -0.00428724
   0.0858439
  0.00103032
   0.0291739
  0.00281973
  0.00270559
  0.00407477
  -0.0425979
     7.76002
  0.00219997
 -0.00808379
   0.0891085
  0.00124755
   0.0210514
 0.000509512
   0.0031475
  0.00301334
   -0.039917
     7.61021
  0.00288999
  -0.0108626
   0.0910368
  0.00109598
  0.00861404
 -0.00283189
  0.00367779
 0.000820625
  -0.0324697
     7.46412
  0.00168708
 -0.00587432
   0.0914425
 0.000530204
 -0.00237157
 -0.00583614
  0.00435393
 -0.00165849
  -0.0234168
     7.32216
 0.000175152
-8.87435e-06
   0.0908832
-0.000311405
 -0.00623309
 -0.00705792
  0.00522437
 -0.00481333
  -0.0116715
     7.18431
 5.34565e-05
 0.000798728
   0.0901066
 -0.00124246
 -0.00571551
 -0.00720742
  0.00630091
 -0.00804927
-5.71065e-05
     7.05008
 -0.00055539
  0.00216141
   0.0894897
  -0.0021617
 -0.00377433
 -0.00687779
   0.0075672
  -0.0101977
  0.00729124
     6.91852
-0.000940433
  0.00429781
   0.0892744
 -0.00299537
   0.0004616
 -0.00589659
  0.00899346
  -0.0118092
   0.0132658
     6.78834
 -0.00114179
  0.00425602
    0.089699
  -0.0036759
   0.0060707
 -0.00453129
   0.0105394
  -0.0134401
   0.0205655
     6.65776
-0.000402481
  0.00236548
   0.0907704
 -0.00420131
   0.0104121
 -0.00351909
   0.0121919
  -0.0144359
   0.0258205
     6.52568
-0.000764185
  0.00257645
   0.0923345
 -0.00461083
   0.0136518
 -0.00275473
   0.0138504
  -0.0145356
   0.0278036
     6.38823
-0.000496813
  0.00185439
    0.094298
 -0.00491658
    0.016556
 -0.00192861
   0.0157908
  -0.0148602
   0.0304297
     6.25326
-0.000131255
-0.000700905
   0.0964995
 -0.00514159
    0.017312
 -0.00151735
   0.0168362
   -0.015148
   0.0336781
      6.0836
-0.000883114
 -0.00466589
   0.0985215
  -0.0052964
   0.0137958
-0.000853006
   0.0150148
  -0.0133558
    0.033763
     5.89964
-0.000419129
  -0.0163953
   0.0994182
 -0.00535211
           0
           0